1.9700857823545284
0.4986164445226843
0.2609148393977772
0.16609984853050924
0.13019060614434155
0.11370548660104925
0.10386428819461302
0.09652777178720995
0.09124780757860704
0.08577352342280474
0.08212264464660124
0.07801821238615296
0.07594349167563698
0.07263158017938787
0.0708812958814881
0.06938861933621493
0.06722978461872448
0.06667050929232077
0.06484790058298544
0.0635160046544942
0.06274002885276621
0.06124566149982539
0.06138530041683804
0.05955478460951285
0.05930668826807629
0.05935951972549612
0.05739399330182509
0.05716414322907275
0.055823232639919625
0.05609508021311326
0.055608254129236395
0.054449156536297366
0.05519429512999274
0.05414776707237417
0.05418114425106482
0.05421130860393698
0.05382209264419296
0.05314050933176821
0.05359721414067529
0.05182995633645491
0.052861003306778995
0.05232114629311995
0.05062731585719369
0.05090598572384227
0.051103138788179917
0.05190482959151268
0.05199054296721112
0.051534414630044593
0.050422365150668405
0.05101582712747834
0.051627881215377286
0.05113169002262029
0.04992627515034242
0.04961584254421971
0.04969460269944234
0.05097179389135404
0.04879355715079741
0.04859002503481778
0.04745222093029456
0.04810493307357484
0.048955493521961296
0.04774809970774434
0.047110094705765895
0.04737589283084327
0.046742263842712746
0.046364592625336216
0.047243920612064276
0.04575259665196592
0.046906653469936416
0.04657310840081085
0.042425074919380926
0.040989628027785906
0.04333133015104316
0.041435035893862895
0.04164803859523752
0.041920271922241556
0.042239407703957774
0.04220469578761946
0.04217584314332767
0.042243256318298256
0.040297694876790045
0.04060620597817681
0.040524779294024815
0.0410179439085451
0.04142740602520379
0.03977261099287055
0.040545173158699814
0.041400251520628276
0.041102328066798775
0.04128771925514395
0.040473129380155695
0.040700660544362936
0.04113111704249273
0.04044817034155131
0.0404422276230021
0.04047405067831278
0.040432960997250945
0.041173837960443715
0.040052801285955036
0.04084566006944938
